$ ./thr-lat.sh $(seq 0 15)
#Op=2    0   1   2   3   4   5   6   7   8   9  10  11  12  13  14  15
     0   -  44  43  44  41  41  43  41   4  42  40  40  42  42  42  42
     1  39   -  43  42  40  42  43  41  38   4  39  39  42  42  42  41
     2  41  39   -  40  41  42  40  42  44  39   4  40  42  41  41  42
     3  43  41  43   -  42  41  41  41  43  39  42   4  41  41  41  42
     4  41  41  41  42   -  42  42  39  41  41  42  42   4  42  41  40
     5  41  41  41  41  42   -  41  42  40  42  41  41  42   4  42  43
     6  41  40  41  41  40  42   -  43  41  40  41  41  41  41   4  43
     7  41  41  42  41  42  41  40   -  42  42  40  41  42  43  40   4
     8   4  44  42  39  40  42  40  41   -  42  40  39  42  40  40  42
     9  38   4  42  39  41  41  43  41  40   -  42  39  40  40  42  41
    10  40  39   4  42  42  41  40  42  39  39   -  40  42  41  41  41
    11  44  42  42   4  41  41  42  41  39  39  40   -  42  41  41  41
    12  41  42  42  41   4  40  41  42  40  41  41  41   -  42  40  43
    13  41  41  42  42  40   4  40  41  42  41  42  41  42   -  41  43
    14  41  42  41  41  42  40   4  43  40  42  41  42  41  41   -  43
    15  41  41  41  40  39  42  41   4  43  41  41  41  41  43  41   -

#Op=3    0   1   2   3   4   5   6   7   8   9  10  11  12  13  14  15
     0   -  83  83  89  88  88  86  89  12  91  92  94  86  89  88  89
     1  97   -  90  83  87  86  84  90  82  12  90  83  92  86  93  90
     2  85  84   -  84  90  88  87  92  84  92  12  90  86  88  86  89
     3  85  90  89   -  86  87  94  88  82  95  85  12  90  86  89  85
     4  88  93  88  89   -  89  84  95  87  88  90  88  12  85  86  91
     5  87  86  89  86  89   -  89  87  88  87  87  89  87  12  84  87
     6  92  88  87  87  92  89   -  94  91  85  88  89  94  85  12  86
     7  87  89  89  87  96  87  84   -  87  90  91  88  86  82  94  12
     8  12  85  84  84  86  87  85  88   -  82  82  83  90  87  88  88
     9  85  12  84  90  88  87  87  90  82   -  84  85  88  87  90  89
    10  85  84  12  83  89  87  86  88  83  92   -  83  88  88  86  92
    11  90  88  83  12  86  86  89  88  84  90  84   -  93  89  87  88
    12  89  87  89  87  12  89  90  89  87  88  86  93   -  85  85  91
    13  90  86  89  89  84  12  90  87  85  90  87  89  89   -  84  82
    14  87  85  87  86  88  92  12  84  86  89  87  88  86  87   -  86
    15  88  88  89  89  91  90  90  12  86  89  89  87  90  91  84   -


$ lscpu -e
CPU NODE SOCKET CORE L1d:L1i:L2:L3 ONLINE MAXMHZ    MINMHZ
0   0    0      0    0:0:0:0       yes    4500.0000 1200.0000
1   0    0      1    1:1:1:0       yes    4500.0000 1200.0000
2   0    0      2    2:2:2:0       yes    4500.0000 1200.0000
3   0    0      3    3:3:3:0       yes    4500.0000 1200.0000
4   0    0      4    4:4:4:0       yes    4500.0000 1200.0000
5   0    0      5    5:5:5:0       yes    4500.0000 1200.0000
6   0    0      6    6:6:6:0       yes    4500.0000 1200.0000
7   0    0      7    7:7:7:0       yes    4500.0000 1200.0000
8   0    0      0    0:0:0:0       yes    4500.0000 1200.0000
9   0    0      1    1:1:1:0       yes    4500.0000 1200.0000
10  0    0      2    2:2:2:0       yes    4500.0000 1200.0000
11  0    0      3    3:3:3:0       yes    4500.0000 1200.0000
12  0    0      4    4:4:4:0       yes    4500.0000 1200.0000
13  0    0      5    5:5:5:0       yes    4500.0000 1200.0000
14  0    0      6    6:6:6:0       yes    4500.0000 1200.0000
15  0    0      7    7:7:7:0       yes    4500.0000 1200.0000

$ lscpu|grep ^Model
Model:               85
Model name:          Intel(R) Xeon(R) W-2145 CPU @ 3.70GHz

