$ ./thr-lat.sh $(seq 0 7)
#Op=2    0   1   2   3   4   5   6   7
     0   -  22  22  22   4  21  22  22
     1  22   -  20  22  21   4  21  22
     2  20  21   -  20  22  21   4  21
     3  22  20  21   -  22  22  21   4
     4   4  21  22  20   -  24  21  22
     5  21   4  21  21  22   -  21  20
     6  21  21   4  22  21  22   -  22
     7  22  21  21   4  21  20  20   -

#Op=3    0   1   2   3   4   5   6   7
     0   -  52  50  51  13  52  49  49
     1  49   -  50  51  46  13  48  48
     2  49  49   -  52  50  48  13  45
     3  49  49  49   -  51  50  50  14
     4  13  51  48  48   -  51  51  48
     5  49  13  49  49  51   -  47  50
     6  49  47  13  49  49  48   -  46
     7  49  50  46  14  48  49  50   -

