# AMD Ryzen 7 2700X Eight-Core Processor

$ ./thr-lat.sh $(seq 0 15)
#Op=2    0   1   2   3   4   5   6   7   8   9  10  11  12  13  14  15
     0   -   8  24  24  25  24  26  26  69  68  68  69  69  69  69  69
     1   8   -  24  24  24  24  26  26  69  69  69  69  69  69  69  69
     2  24  24   -   8  23  23  24  24  69  69  68  68  69  69  68  69
     3  24  24   8   -  23  23  24  24  69  68  68  69  69  69  68  71
     4  25  25  23  23   -   8  25  25  69  69  69  69  70  70  69  70
     5  25  24  23  23   8   -  25  25  69  69  70  69  70  69  70  69
     6  26  26  24  24  25  25   -   8  69  69  69  69  69  69  69  69
     7  26  26  24  24  25  25   8   -  68  69  69  70  70  70  70  69
     8  69  69  68  68  69  69  69  69   -   8  24  24  25  25  26  26
     9  69  69  68  68  69  69  69  69   8   -  24  24  25  25  26  26
    10  69  69  69  69  69  70  69  68  24  24   -   8  23  23  24  24
    11  69  69  69  67  68  69  68  68  24  24   8   -  23  23  24  24
    12  69  69  69  68  70  70  69  69  25  25  23  23   -   8  25  25
    13  69  69  69  68  70  70  69  69  25  24  23  23   8   -  25  25
    14  69  69  68  69  70  69  69  69  26  26  24  24  25  25   -   8
    15  69  69  68  68  70  70  69  69  26  26  24  24  25  25   8   -

#Op=3    0   1   2   3   4   5   6   7   8   9  10  11  12  13  14  15
     0   -  18  21  21  23  24  22  22 124 124 123 122 125 125 124 124
     1  18   -  22  22  24  24  22  22 124 124 122 122 124 124 124 123
     2  21  22   -  18  23  23  21  56 122 122 122 122 125 125 122 124
     3  21  21  18   -  23  23  21  20 123 123 122 122 124 124 122 122
     4  24  23  24  23   -  18  24  23 124 124 123 124 126 126 124 124
     5  24  24  23  23  18   -  23  23 124 124 124 123 126 126 125 126
     6  22  22  21  20  23  23   -  18 124 124 124 123 125 124 124 124
     7  22  22  20  21  23  24  18   - 125 124 122 122 126 124 125 125
     8 123 123 122 122 124 124 122 122   -  18  20  20  24  23  21  21
     9 124 124 123 123 125 125 124 124  18   -  20  21  24  24  58  21
    10 123 123 122 122 124 122 122 122  21  21   -  18  22  23  20  20
    11 123 122 122 122 123 124 124 123  20  20  18   -  23  23  23  20
    12 125 124 124 123 126 126 125 124  23  23  23  23   -  18  24  23
    13 126 125 124 123 126 126 124 124  23  23  24  22  18   -  23  23
    14 124 124 123 122 124 124 124 124  20  20  20  21  23  25   -  18
    15 124 124 123 123 125 124 124 124  22  21  20  56  24  24  18   -

$ lscpu -e
CPU NODE SOCKET CORE L1d:L1i:L2:L3 ONLINE    MAXMHZ    MINMHZ
  0    0      0    0 0:0:0:0          yes 4000.0000 2200.0000
  1    0      0    0 0:0:0:0          yes 4000.0000 2200.0000
  2    0      0    1 1:1:1:0          yes 4000.0000 2200.0000
  3    0      0    1 1:1:1:0          yes 4000.0000 2200.0000
  4    0      0    2 2:2:2:0          yes 4000.0000 2200.0000
  5    0      0    2 2:2:2:0          yes 4000.0000 2200.0000
  6    0      0    3 3:3:3:0          yes 4000.0000 2200.0000
  7    0      0    3 3:3:3:0          yes 4000.0000 2200.0000
  8    0      0    4 4:4:4:1          yes 4000.0000 2200.0000
  9    0      0    4 4:4:4:1          yes 4000.0000 2200.0000
 10    0      0    5 5:5:5:1          yes 4000.0000 2200.0000
 11    0      0    5 5:5:5:1          yes 4000.0000 2200.0000
 12    0      0    6 6:6:6:1          yes 4000.0000 2200.0000
 13    0      0    6 6:6:6:1          yes 4000.0000 2200.0000
 14    0      0    7 7:7:7:1          yes 4000.0000 2200.0000
 15    0      0    7 7:7:7:1          yes 4000.0000 2200.0000


$ lscpu
Architecture:                    x86_64
CPU op-mode(s):                  32-bit, 64-bit
Byte Order:                      Little Endian
Address sizes:                   43 bits physical, 48 bits virtual
CPU(s):                          16
On-line CPU(s) list:             0-15
Thread(s) per core:              2
Core(s) per socket:              8
Socket(s):                       1
NUMA node(s):                    1
Vendor ID:                       AuthenticAMD
CPU family:                      23
Model:                           8
Model name:                      AMD Ryzen 7 2700X Eight-Core Processor
Stepping:                        2
Frequency boost:                 disabled
CPU MHz:                         2206.258
CPU max MHz:                     4000.0000
CPU min MHz:                     2200.0000
BogoMIPS:                        7984.43
Virtualization:                  AMD-V
L1d cache:                       256 KiB
L1i cache:                       512 KiB
L2 cache:                        4 MiB
L3 cache:                        16 MiB
NUMA node0 CPU(s):               0-15

