$ ./thr-lat.sh $(seq 0 7)
#Op=2    0   1   2   3   4   5   6   7
     0   -  29  28  29 260 260 260 260
     1  29   -  29  29 260 260 260 260
     2  29  29   -  29 260 262 260 260
     3  29  28  29   - 260 260 260 260
     4 260 260 260 260   -  29  29  29
     5 260 260 260 260  29   -  29  29
     6 260 260 260 260  29  29   -  29
     7 260 260 260 260  29  29  29   -

#Op=3    0   1   2   3   4   5   6   7
     0   -  32  32  32 325 325 325 325
     1  32   -  32  32 325 325 325 325
     2  32  32   -  32 325 325 325 325
     3  32  32  32   - 325 325 325 325
     4 325 325 325 325   -  32  32  32
     5 325 325 325 325  32   -  32  32
     6 325 325 325 325  32  32   -  32
     7 325 325 325 325  32  32  32   -

