LX2160A @ 2.0 GHz (16xA72)

$ ./thr-lat.sh $(seq 0 16)
#Op=2    0   1   2   3   4   5   6   7   8   9  10  11  12  13  14  15  16
     0   -  62 246 258 253 253 248 248 232 238 257 252 261 253 260 247 248
     1  63   - 253 258 256 252 249 257 243 257 259 253 265 253 262 244  68
     2 246 241   -  67 266 254 260 256 264 267 258 262 264 253 260 254 246
     3 266 266  62   - 266 262 258 257 259 242 261 264 263 261 254 257 258
     4 254 257 252 266   -  62 252 246 259 253 244 261 251 267 258 253 242
     5 253 257 254 265  66   - 240 245 258 250 239 276 265 248 253 259 266
     6 253 253 261 258 240 252   -  64 254 253 263 260 261 261 247 256 260
     7 256 256 258 261 258 271  64   - 250 253 268 263 252 255 251 247 262
     8 254 242 253 242 253 253 249 248   -  66 255 253 249 262 255 258 254
     9 238 258 257 253 250 247 251 248  63   - 252 252 242 242 246 256 253
    10 252 258 258 258 266 258 263 255 258 251   -  62 252 262 256 252 244
    11 258 256 257 258 258 277 256 242 251 252  63   - 261 254 256 260 252
    12 261 260 249 265 267 265 260 251 247 247 252 254   -  63 257 257 254
    13 256 261 265 257 265 250 258 251 262 252 260 255  67   - 254 256 265
    14 260 246 262 258 267 267 248 256 246 255 252 257 255 255   -  62 244
    15 261 247 260 256 263 254 258 247 258 256 260 260 257 255  63   -  63
    16 261 247 269 266 247 248 251 257 260 247 264 254 254  65 248 255   -

#Op=3    0   1   2   3   4   5   6   7   8   9  10  11  12  13  14  15  16
     0   -  70 271 268 252 251 247 248 252 243 250 257 251 252 262 249  70
     1  70   - 236 272 256 256 247 259 252 236 250 249 259 255 246 241  70
     2 240 260   -  70 265 264 257 262 252 248 261 268 259 270 252 255 250
     3 267 270  70   - 268 253 259 260 246 241 263 263 259 257 262 260 261
     4 252 252 252 266   -  70 255 245 252 247 271 250 253 267 246 242 252
     5 253 252 265 266  70   - 239 250 255 255 234 244 245 249 256 242 255
     6 247 259 259 257 250 235   -  70 253 254 268 252 256 260 248 245 247
     7 259 245 260 260 245 258  70   - 252 254 247 267 254 260 245 263 252
     8 253 266 260 261 248 249 253 248   -  70 252 255 248 241 257 240 257
     9 266 233 251 267 257 246 252 257  70   - 250 251 259 245 255 249 251
    10 252 252 258 262 275 260 268 261 252 251   -  70 255 267 245 266 250
    11 252 260 261 262 266 251 245 247 251 252  70   - 250 252 254 250  70
    12 261 245 264 256 248 247 255 254 252 241 253 263   -  70 255 256 263
    13 256 246 270 266 265 268 252 255 260 247 266 265  70   - 254 255 267
    14 260 262 257 264 246 246 250 259 244 248 258 245 255 255   -  70 265
    15 259 260 255 257 269 264 263 266 242 241 259 259 252 255  70   -  70
    16 261 252 262 264 255 264 255 250 260 257 253 251 251 255 254  70   -

$ lscpu
Architecture:                    aarch64
CPU op-mode(s):                  32-bit, 64-bit
Byte Order:                      Little Endian
CPU(s):                          16
On-line CPU(s) list:             0-15
Thread(s) per core:              1
Core(s) per socket:              16
Socket(s):                       1
Vendor ID:                       ARM
Model:                           3
Model name:                      Cortex-A72
Stepping:                        r0p3
BogoMIPS:                        50.00
L1d cache:                       512 KiB
L1i cache:                       768 KiB
L2 cache:                        8 MiB
L3 cache:                        8 MiB
Vulnerability Itlb multihit:     Not affected
Vulnerability L1tf:              Not affected
Vulnerability Mds:               Not affected
Vulnerability Meltdown:          Not affected
Vulnerability Spec store bypass: Not affected
Vulnerability Spectre v1:        Mitigation; __user pointer sanitization
Vulnerability Spectre v2:        Mitigation; Branch predictor hardening
Vulnerability Srbds:             Not affected
Vulnerability Tsx async abort:   Not affected
Flags:                           fp asimd evtstrm aes pmull sha1 sha2 crc32 cpuid

$ lscpu -e
CPU SOCKET CORE L1d:L1i:L2:L3 ONLINE
  0      0    0 0:0:0:0          yes
  1      0    1 1:1:0:0          yes
  2      0    2 2:2:1:0          yes
  3      0    3 3:3:1:0          yes
  4      0    4 4:4:2:0          yes
  5      0    5 5:5:2:0          yes
  6      0    6 6:6:3:0          yes
  7      0    7 7:7:3:0          yes
  8      0    8 8:8:4:0          yes
  9      0    9 9:9:4:0          yes
 10      0   10 10:10:5:0        yes
 11      0   11 11:11:5:0        yes
 12      0   12 12:12:6:0        yes
 13      0   13 13:13:6:0        yes
 14      0   14 14:14:7:0        yes
 15      0   15 15:15:7:0        yes


